134 0 248 14
184 16 215 47
65 29 104 63
131 60 165 96
484 36 512 63
401 9 429 33
375 12 404 39
352 9 375 35
172 115 285 205
34 218 71 240
34 237 73 267
43 269 80 311
181 222 211 246
179 250 218 284
157 275 206 315
123 287 174 329
0 274 21 325
11 280 48 315
0 301 9 349
0 199 14 301
47 319 136 410
0 351 37 416
0 467 19 491
33 457 55 479
28 499 82 512
9 506 32 512
108 453 131 487
241 491 309 512
354 473 412 512
362 193 415 243
449 228 480 250
478 232 492 244
493 229 512 244
420 256 455 291
425 378 478 433
484 359 512 428
