353 22 383 51
246 0 281 15
241 45 272 71
157 0 200 40
247 69 283 101
230 94 273 140
280 79 320 118
272 116 314 153
116 46 154 75
139 69 167 98
47 17 97 66
0 31 29 70
316 137 343 166
377 161 399 187
380 210 422 253
397 300 428 332
271 298 299 323
294 302 326 337
241 311 282 347
325 268 367 316
405 355 448 405
113 335 172 400
0 338 18 398
7 401 48 446
13 372 54 412
45 378 82 427
69 367 121 428
129 406 171 444
41 414 85 462
203 392 226 416
211 426 236 456
166 449 223 502
232 382 296 455
284 371 417 512
419 448 456 486
218 453 294 512
186 491 223 512
143 487 194 512
