499 76 512 165
446 114 489 153
410 105 457 166
418 142 467 183
279 68 461 255
382 0 474 85
119 7 171 55
105 47 130 73
157 39 253 132
146 45 204 132
95 84 204 202
109 182 273 304
27 213 120 274
43 155 93 218
0 87 31 241
172 367 208 405
206 354 247 396
201 318 243 358
233 304 275 353
248 343 289 394
280 301 351 361
279 339 331 380
283 379 329 437
319 368 362 420
343 330 385 381
384 376 435 417
367 328 420 387
350 309 400 364
356 290 395 317
430 303 476 357
469 262 512 322
496 225 512 321
232 342 263 367
