0 60 35 88
55 0 72 25
56 57 105 126
22 67 73 130
32 134 113 216
21 111 51 155
124 2 250 146
102 79 143 142
115 110 177 168
113 167 183 218
144 192 181 234
190 175 281 315
253 103 290 138
296 55 339 107
337 47 403 116
376 28 430 85
427 32 452 68
431 194 463 220
493 256 512 291
400 274 496 369
349 306 445 403
383 261 428 298
360 204 438 261
234 351 281 396
189 368 218 398
210 342 234 364
233 321 276 352
248 389 281 421
251 419 294 463
279 323 307 350
288 347 308 374
21 476 162 512
339 490 371 512
